1
0.9815
0.96334225
0.945520418
0.928028291
0.910859767
0.894008862
0.877469698
0.861236508
0.845303633
0.829665516
0.814316704
0.799251845
0.784465685
0.76995307
0.755708938
0.741728323
0.728006349
0.714538232
0.701319274
0.688344868
0.675610488
0.663111694
0.650844127
0.638803511
0.626985646
0.615386412
0.604001763
0.59282773
0.581860417
0.571096
0.560530724
0.550160905
0.539982929
0.529993244
0.520188369
0.510564884
0.501119434
0.491848725
0.482749523
0.473818657
0.465053012
0.456449531
0.448005215
0.439717118
0.431582352
0.423598078
0.415761514
0.408069926
0.400520632
0.418704269
0.437713443
0.457585633
0.478360021
0.500077566
0.522781087
0.546515348
0.571327145
0.597265398
0.624381247
0.652728155
0.682362013
0.713341249
0.745726942
0.779582945
0.81497601
0.851975921
0.890655628
0.931091394
0.973362943
1.01755362
1.063750555
1.11204483
1.162531665
1.215310603
1.270485704
1.328165755
1.388464481
1.451500768
1.517398903
1.586288813
1.658306325
1.733593432
1.812298574
1.894576929
1.980590722
2.070509541
2.164510674
2.262779459
2.365509646
2.472903784
2.585173616
2.702540498
2.825235836
2.953501543
3.087590513
3.227767123
3.37430775
3.527501322
3.687649882
3.855069187
4.030089328
4.213055383
4.404328098
4.604284593
4.813319114
5.031843802
5.26028951
5.499106654
5.748766096
6.009760077
6.282603184
6.567833369
6.866013004
7.177729994
7.503598936
7.844262328
8.200391837
8.572689627
8.961889736
