1
0.96
0.9216
0.884736
0.84934656
0.815372698
0.78275779
0.751447478
0.721389579
0.692533996
0.664832636
0.638239331
0.612709757
0.588201367
0.564673312
0.54208638
0.520402925
0.499586808
0.580519871
0.67456409
0.783843472
0.910826115
1.058379945
1.229837496
1.429071171
1.6605807
1.929594774
2.242189127
2.605423766
3.027502416
2.767137208
2.529163408
2.311655355
2.112852994
1.931147637
1.76506894
1.613273011
1.474531532
1.34772182
1.231817744
1.125881418
1.029055616
0.940556833
0.859668945
0.785737416
0.718163998
0.656401894
0.599951332
0.752938921
0.944938346
1.185897624
1.488301518
1.867818405
2.344112099
2.941860684
3.692035158
4.633504124
5.815047675
7.297884833
9.158845465
8.371184755
7.651262866
6.99325426
6.391834393
5.842136636
5.339712885
4.880497577
4.460774785
4.077148154
3.726513412
3.406033259
3.113114399
2.84538656
2.600683316
2.377024551
2.17260044
1.985756802
1.814981717
2.277802055
2.858641579
3.587595181
4.502431952
5.6505521
7.091442886
8.899760822
11.16919983
14.01734579
17.59176896
22.07767005
27.70747591
25.32463298
23.14671455
21.1560971
19.33667275
17.67371889
16.15377907
14.76455407
13.49480242
12.33424941
11.27350396
10.30398262
9.417840113
8.607905864
7.867625959
7.191010127
6.572583256
6.007341096
5.490709762
6.890840751
8.648005142
10.85324645
13.6208243
17.0941345
21.45313879
26.92368918
33.78922993
42.40548356
53.21888186
66.78969674
83.82106941
