1
1.03076
1.062466178
1.095147637
1.128834379
1.163557324
1.199348347
1.236240302
1.274267054
1.313463509
1.353865646
1.395510554
1.438436458
1.482682764
1.528290085
1.575300289
1.623756525
1.673703276
1.725186389
1.778253122
1.832952188
1.889333798
1.947449705
2.007353258
2.069099444
2.132744943
2.198348178
2.265969368
2.335670585
2.407515813
2.481570999
2.557904123
2.636585254
2.717686616
2.801282656
2.887450111
2.976268076
3.067818082
3.162184167
3.259452952
3.359713724
3.463058518
3.569582199
3.679382547
3.792560354
3.909219511
4.029467103
4.153413511
4.28117251
4.412861377
4.548600993
4.688515959
4.83273471
4.98138963
5.134617175
5.292557999
5.455357083
5.623163867
5.796132388
5.97442142
6.158194623
6.347620689
6.542873502
6.744132291
6.9515818
7.165412456
7.385820543
7.613008383
7.847184521
8.088563917
8.337368143
8.593825587
8.858171662
9.130649023
9.411507786
9.701005766
9.999408703
10.30699052
10.62403354
10.95082882
11.28767631
11.63488523
11.9927743
12.36167204
12.74191707
13.13385844
13.53785593
13.95428038
14.38351404
14.82595093
15.28199718
15.75207142
16.23660513
16.73604311
17.25084379
17.78147975
18.32843806
18.89222082
19.47334553
20.07234564
20.68977099
21.32618835
21.9821819
22.65835382
23.35532478
24.07373457
24.81424264
25.57752875
26.36429353
27.1752592
28.01117018
28.87279377
29.76092091
30.67636683
31.61997188
32.59260221
33.59515066
34.62853749
35.6937113
36.79164986
